FID,siteID,xcoord,ycoord,panel,Latitude,Longitude
0,Pt-1001,441217.947550999990199,4863033.954269999638200,PanelOne,43.918072789999997,43.918072789999997
1,Pt-1002,643653.103856000001542,4988611.367759999819100,PanelOne,45.036394450000003,45.036394450000003
2,Pt-1003,598445.903341999975964,4947848.153839999809861,PanelOne,44.677248339999998,44.677248339999998
3,Pt-1004,555122.908683000016026,4950377.810250000096858,PanelOne,44.704656610000001,44.704656610000001
4,Pt-1005,484529.057543999981135,4892872.226800000295043,PanelOne,44.188901020000003,44.188901020000003
5,Pt-1006,590713.856841000029817,4961469.298600000329316,PanelOne,44.800865240000000,44.800865240000000
6,Pt-1007,633797.656201999983750,4960527.096219999715686,PanelOne,44.785618149999998,44.785618149999998
7,Pt-1008,552334.404834000044502,4913022.308070000261068,PanelOne,44.368589000000000,44.368589000000000
8,Pt-1009,480272.459320000023581,4898761.266019999980927,PanelOne,44.241817879999999,44.241817879999999
9,Pt-1010,609348.813741000019945,4949758.010870000347495,PanelOne,44.692857910000001,44.692857910000001
10,Pt-1011,424237.223941000003833,4948308.335459999740124,PanelOne,44.684144510000003,44.684144510000003
11,Pt-1012,547603.306208000052720,4936063.282820000313222,PanelOne,44.576336089999998,44.576336089999998
12,Pt-1013,549048.288050999981351,4901219.883770000189543,PanelOne,44.262567500000003,44.262567500000003
13,Pt-1014,576850.569651999976486,4913984.485740000382066,PanelOne,44.375066539999999,44.375066539999999
14,Pt-1015,492032.595748999970965,4914400.933509999886155,PanelOne,44.382845420000002,44.382845420000002
15,Pt-1016,505815.764255999994930,4937422.845830000005662,PanelOne,44.590125999999998,44.590125999999998
16,Pt-1017,448251.384271999995690,4886217.269709999673069,PanelOne,44.127317599999998,44.127317599999998
17,Pt-1018,631972.450976999942213,4995481.881760000251234,PanelOne,45.100486699999998,45.100486699999998
18,Pt-1019,605030.780162999988534,4934197.045839999802411,PanelOne,44.553452880000002,44.553452880000002
19,Pt-1020,542027.415542999980971,4955905.465339999645948,PanelOne,44.755303890000000,44.755303890000000
20,Pt-1021,482213.791182000015397,4887764.021110000088811,PanelOne,44.142858169999997,44.142858169999997
21,Pt-1022,585581.128147999988869,4952155.249970000237226,PanelOne,44.717665580000002,44.717665580000002
22,Pt-1023,632415.689408999984153,4952753.210950000211596,PanelOne,44.715922350000000,44.715922350000000
23,Pt-1024,560068.050137000042014,4937828.275779999792576,PanelOne,44.591292140000000,44.591292140000000
24,Pt-1025,523624.581192000012379,4894051.516520000062883,PanelOne,44.199299830000001,44.199299830000001
25,Pt-1026,599476.448852999950759,4952071.127319999970496,PanelOne,44.715113989999999,44.715113989999999
26,Pt-1027,433086.534288000024389,4913868.355360000394285,PanelOne,44.375006390000003,44.375006390000003
27,Pt-1028,540562.284493000013754,4945897.014019999653101,PanelOne,44.665292119999997,44.665292119999997
28,Pt-1029,417659.281626000010874,4861844.047299999743700,PanelOne,43.905104299999998,43.905104299999998
29,Pt-1030,591000.315724999993108,4940350.537229999899864,PanelOne,44.610747699999997,44.610747699999997
30,Pt-1031,560581.486754999961704,4979635.745140000246465,PanelOne,44.967577820000002,44.967577820000002
31,Pt-1032,528259.412873000022955,4913893.593050000257790,PanelOne,44.377770849999997,44.377770849999997
32,Pt-1033,440292.550511999987066,4877634.964519999921322,PanelOne,44.049447960000002,44.049447960000002
33,Pt-1034,604397.162603999953717,5006575.844979999586940,PanelOne,45.204933789999998,45.204933789999998
34,Pt-1035,629737.479454000014812,4980818.572320000268519,PanelOne,44.968957719999999,44.968957719999999
35,Pt-1036,524510.976102999993600,4955871.115880000405014,PanelOne,44.755809169999999,44.755809169999999
36,Pt-1037,492434.825759999977890,4907780.172550000250340,PanelOne,44.323243429999998,44.323243429999998
37,Pt-1038,575133.762537000002339,4956661.556309999898076,PanelOne,44.759399119999998,44.759399119999998
38,Pt-1039,625902.894179999944754,4963471.742300000041723,PanelOne,44.813550460000002,44.813550460000002
39,Pt-1040,568150.677677000057884,4931747.830679999664426,PanelOne,44.535838269999999,44.535838269999999
40,Pt-1041,535539.271402999991551,4912002.076650000177324,PanelOne,44.360421840000001,44.360421840000001
41,Pt-1042,613688.116220999974757,4937406.340389999561012,PanelOne,44.581022019999999,44.581022019999999
42,Pt-1043,481020.928468000027351,4921321.638360000215471,PanelOne,44.444946289999997,44.444946289999997
43,Pt-1044,528524.355757000041194,4940626.070519999600947,PanelOne,44.618420800000003,44.618420800000003
44,Pt-1045,427395.072161999996752,4894277.574289999902248,PanelOne,44.198104139999998,44.198104139999998
45,Pt-1046,574778.866441000020131,4948000.540570000186563,PanelOne,44.681477240000000,44.681477240000000
46,Pt-1047,554232.460926000028849,4968572.090250000357628,PanelOne,44.868502520000000,44.868502520000000
47,Pt-1048,532220.188119000056759,4921676.385669999755919,PanelOne,44.447671239999998,44.447671239999998
48,Pt-1049,435466.730357000022195,4904451.560530000366271,PanelOne,44.290451390000001,44.290451390000001
49,Pt-1050,654501.979291000054218,4964751.088619999587536,PanelOne,44.819446679999999,44.819446679999999
50,Pt-1051,640951.683994999970309,4967833.152239999733865,OverSamp,44.849982160000003,44.849982160000003
51,Pt-1052,553103.781319999950938,4927015.277510000392795,OverSamp,44.494500789999996,44.494500789999996
52,Pt-1053,484351.110425000020768,4899276.031919999979436,OverSamp,44.246551410000002,44.246551410000002
53,Pt-1054,607428.527942999964580,4971525.148090000264347,OverSamp,44.889046399999998,44.889046399999998
54,Pt-1055,618939.560965999960899,4959331.041869999840856,OverSamp,44.777481440000003,44.777481440000003
55,Pt-1056,557097.035165000008419,4916768.923999999649823,OverSamp,44.401957410000001,44.401957410000001
56,Pt-1057,537127.442678999970667,4897865.847550000064075,OverSamp,44.233077450000003,44.233077450000003
57,Pt-1058,610773.883196000009775,4941571.306909999810159,OverSamp,44.618960559999998,44.618960559999998
58,Pt-1059,480181.331431999977212,4931753.523179999552667,OverSamp,44.538838329999997,44.538838329999997
59,Pt-1060,518978.440390000003390,4921801.940399999730289,OverSamp,44.449270329999997,44.449270329999997
60,Pt-1061,610832.224446999956854,4994835.608529999852180,OverSamp,45.098300899999998,45.098300899999998
61,Pt-1062,600229.121379000018351,4938907.235220000147820,OverSamp,44.596530420000001,44.596530420000001
62,Pt-1063,574019.732487999950536,4957022.449079999700189,OverSamp,44.762763679999999,44.762763679999999
63,Pt-1064,525665.377879000036046,4930289.872139999642968,OverSamp,44.525477330000001,44.525477330000001
64,Pt-1065,436804.891470999980811,4874801.232250000350177,OverSamp,44.023644709999999,44.023644709999999
65,Pt-1066,644433.211480000056326,4992913.197049999609590,OverSamp,45.074940390000002,45.074940390000002
66,Pt-1067,593995.896752999979071,4943883.963639999739826,OverSamp,44.642165310000003,44.642165310000003
67,Pt-1068,543140.487180999945849,4966794.771739999763668,OverSamp,44.853261310000001,44.853261310000001
68,Pt-1069,466614.610018000006676,4890893.486689999699593,OverSamp,44.170486720000000,44.170486720000000
69,Pt-1070,587436.897766000009142,4959518.059940000064671,OverSamp,44.783711560000000,44.783711560000000
70,Pt-1071,638193.835441999952309,4955570.313219999894500,OverSamp,44.740180090000003,44.740180090000003
71,Pt-1072,565473.180532000027597,4945252.384479999542236,OverSamp,44.657649399999997,44.657649399999997
72,Pt-1073,481721.658710999996401,4901207.464589999988675,OverSamp,44.263878910000003,44.263878910000003
73,Pt-1074,604997.744227000046521,4950033.925409999676049,OverSamp,44.695991429999999,44.695991429999999
74,Pt-1075,454704.402028999989852,4953971.263150000013411,OverSamp,44.737693000000000,44.737693000000000
75,Pt-1076,556467.486490000039339,4938482.140820000320673,OverSamp,44.597469709999999,44.597469709999999
76,Pt-1077,560956.062304000020958,4909780.344039999879897,OverSamp,44.338730900000002,44.338730900000002
77,Pt-1078,584994.087775000021793,4923374.804999999701977,OverSamp,44.458682560000000,44.458682560000000
78,Pt-1079,498645.688115999975707,4919809.241209999658167,OverSamp,44.431578219999999,44.431578219999999
79,Pt-1080,503816.998542000015732,4931862.868999999947846,OverSamp,44.540085070000003,44.540085070000003
80,Pt-1081,463088.724251999985427,4889806.263050000183284,OverSamp,44.160528759999998,44.160528759999998
81,Pt-1082,578869.889070000033826,5008729.291299999691546,OverSamp,45.227635900000003,45.227635900000003
82,Pt-1083,604399.443199999979697,4935932.401290000416338,OverSamp,44.569163260000003,44.569163260000003
83,Pt-1084,544413.549064000020735,4950244.622530000284314,OverSamp,44.704201279999999,44.704201279999999
84,Pt-1085,478473.548078000021633,4880739.598589999601245,OverSamp,44.079515049999998,44.079515049999998
85,Pt-1086,591149.129166999948211,4954808.913750000298023,OverSamp,44.740863259999998,44.740863259999998
86,Pt-1087,639453.294523000018671,4959321.816949999891222,OverSamp,44.773692099999998,44.773692099999998
87,Pt-1088,563398.718227999983355,4939107.993320000357926,OverSamp,44.602526019999999,44.602526019999999
88,Pt-1089,507992.184071000025142,4910451.432719999924302,OverSamp,44.347288120000002,44.347288120000002
89,Pt-1090,597608.435356999980286,4959521.070220000110567,OverSamp,44.782422140000001,44.782422140000001
90,Pt-1091,439494.253406999981962,4923299.336170000024140,OverSamp,44.460467680000001,44.460467680000001
91,Pt-1092,554983.960220000008121,4941302.894639999605715,OverSamp,44.622976719999997,44.622976719999997
92,Pt-1093,424517.000210000027437,4858711.435920000076294,OverSamp,43.877637419999999,43.877637419999999
93,Pt-1094,585471.973375999950804,4934044.147079999558628,OverSamp,44.554662250000000,44.554662250000000
94,Pt-1095,556902.234489000053145,4972025.583039999939501,OverSamp,44.899380630000003,44.899380630000003
95,Pt-1096,522071.845234000007622,4913565.167969999834895,OverSamp,44.375028909999997,44.375028909999997
96,Pt-1097,440449.351336000021547,4891578.674599999561906,OverSamp,44.174989959999998,44.174989959999998
97,Pt-1098,651048.038096999982372,4981985.647450000047684,OverSamp,44.975246120000001,44.975246120000001
98,Pt-1099,630110.023155999951996,4969487.122120000422001,OverSamp,44.866925500000001,44.866925500000001
99,Pt-1100,532942.916766999987885,4960640.506219999864697,OverSamp,44.798404880000000,44.798404880000000
100,Pt-1101,488598.704777000006288,4906051.064829999580979,OverSamp,44.307626210000002,44.307626210000002
101,Pt-1102,589182.437624000012875,4976079.619300000369549,OverSamp,44.932556599999998,44.932556599999998
102,Pt-1103,622984.916069000028074,4958940.490090000443161,OverSamp,44.773282520000002,44.773282520000002
103,Pt-1104,573989.322748000035062,4916198.402080000378191,OverSamp,44.395293230000000,44.395293230000000
104,Pt-1105,525663.987726000021212,4900686.348360000178218,OverSamp,44.258964360000000,44.258964360000000
105,Pt-1106,627190.310150000033900,4942943.332609999924898,OverSamp,44.628590729999999,44.628590729999999
106,Pt-1107,474422.152176000003237,4916991.476459999568760,OverSamp,44.405759889999999,44.405759889999999
107,Pt-1108,525818.712648999993689,4933610.693760000169277,OverSamp,44.555367580000002,44.555367580000002
108,Pt-1109,623289.260051000048406,4985302.225689999759197,OverSamp,45.010452790000002,45.010452790000002
109,Pt-1110,583190.623430000036024,4945540.163300000131130,OverSamp,44.658405369999997,44.658405369999997
110,Pt-1111,559179.438883000053465,4953058.462509999983013,OverSamp,44.728463339999998,44.728463339999998
111,Pt-1112,537493.993935000034980,4929960.622910000383854,OverSamp,44.521995369999999,44.521995369999999
112,Pt-1113,486706.188054000027478,4874473.962860000319779,OverSamp,44.023298769999997,44.023298769999997
113,Pt-1114,651198.839476999943145,4966191.760329999960959,OverSamp,44.833115769999999,44.833115769999999
114,Pt-1115,627490.084560999996029,4972107.362080000340939,OverSamp,44.890977239999998,44.890977239999998
115,Pt-1116,546592.762638999964111,4927884.427860000170767,OverSamp,44.502774639999998,44.502774639999998
116,Pt-1117,468856.319507999985944,4909513.522520000115037,OverSamp,44.338220069999998,44.338220069999998
117,Pt-1118,605769.820855999947526,4977593.631670000031590,OverSamp,44.943908540000002,44.943908540000002
118,Pt-1119,613455.145944999996573,4961888.026180000044405,OverSamp,44.801384149999997,44.801384149999997
119,Pt-1120,560590.973141000024043,4930411.625260000117123,OverSamp,44.524484889999997,44.524484889999997
120,Pt-1121,534156.402141000027768,4900148.239330000244081,OverSamp,44.253770879999998,44.253770879999998
121,Pt-1122,639759.595238000038080,4948358.855229999870062,OverSamp,44.674986629999999,44.674986629999999
122,Pt-1123,471423.058209999988321,4944444.745430000126362,OverSamp,44.652795660000002,44.652795660000002
123,Pt-1124,509546.160277999995742,4924279.611849999986589,OverSamp,44.471762249999998,44.471762249999998
124,Pt-1125,621483.423335999948904,5002933.164149999618530,OverSamp,45.169416599999998,45.169416599999998
125,Pt-1126,608372.003296999959275,4945321.578169999644160,OverSamp,44.653078850000000,44.653078850000000
126,Pt-1127,560626.625814000028186,4961578.384279999881983,OverSamp,44.805034290000002,44.805034290000002
127,Pt-1128,534903.415268999990076,4988044.313579999841750,OverSamp,45.044994899999999,45.044994899999999
128,Pt-1129,459838.477497000014409,4860663.784970000386238,OverSamp,43.897984090000001,43.897984090000001
129,Pt-1130,637246.022888000006787,4987423.905770000070333,OverSamp,45.026979879999999,45.026979879999999
130,Pt-1131,597987.339762000017799,4943928.552349999547005,OverSamp,44.642033259999998,44.642033259999998
131,Pt-1132,553656.571014999994077,4961715.652520000003278,OverSamp,44.806827540000000,44.806827540000000
132,Pt-1133,474552.097981999977492,4891563.224059999920428,OverSamp,44.176836219999998,44.176836219999998
133,Pt-1134,585237.383156000054441,4963582.114529999904335,OverSamp,44.820556330000002,44.820556330000002
134,Pt-1135,644082.007443999988027,4957680.942149999551475,OverSamp,44.758010360000000,44.758010360000000
135,Pt-1136,557546.021766999969259,4943082.957840000279248,OverSamp,44.638799919999997,44.638799919999997
136,Pt-1137,470580.011057999974582,4902125.724220000207424,OverSamp,44.271780800000002,44.271780800000002
137,Pt-1138,599227.280274000018835,4954515.190369999967515,OverSamp,44.737145599999998,44.737145599999998
138,Pt-1139,454188.096490000025369,4984150.155930000357330,OverSamp,45.009320440000003,45.009320440000003
139,Pt-1140,547618.721431000041775,4930843.085690000094473,OverSamp,44.529342120000003,44.529342120000003
140,Pt-1141,564702.982184999971651,4912202.673890000209212,OverSamp,44.360212529999998,44.360212529999998
141,Pt-1142,585276.451802999945357,4944411.018729999661446,OverSamp,44.647997340000003,44.647997340000003
142,Pt-1143,493509.497845000005327,4921283.897160000167787,OverSamp,44.444826419999998,44.444826419999998
143,Pt-1144,516265.899360999988858,4936983.139809999614954,OverSamp,44.586007199999997,44.586007199999997
144,Pt-1145,451684.180357999983244,4897325.389639999717474,OverSamp,44.227555850000002,44.227555850000002
145,Pt-1146,584812.580332000041381,4989405.654760000295937,OverSamp,45.053030159999999,45.053030159999999
146,Pt-1147,643189.656018999987282,4978860.976130000315607,OverSamp,44.948760000000000,44.948760000000000
147,Pt-1148,530377.835838000057265,4974963.954520000144839,OverSamp,44.927457390000001,44.927457390000001
148,Pt-1149,478977.948450999974739,4884124.653070000000298,OverSamp,44.110006239999997,44.110006239999997
149,Pt-1150,583017.989409000030719,4957609.089719999581575,OverSamp,44.767056220000001,44.767056220000001
150,Pt-1151,619512.296302999951877,4953043.743259999901056,OverSamp,44.720805319999997,44.720805319999997
151,Pt-1152,573850.612734999973327,4945776.545470000244677,OverSamp,44.661554660000000,44.661554660000000
152,Pt-1153,530732.869962999946438,4904775.436850000172853,OverSamp,44.295581519999999,44.295581519999999
153,Pt-1154,595585.622641999972984,4961415.929130000062287,OverSamp,44.799749679999998,44.799749679999998
154,Pt-1155,464419.366272000013851,4915015.175440000370145,OverSamp,44.387545670000002,44.387545670000002
155,Pt-1156,531191.253841000027023,4934656.683170000091195,OverSamp,44.564571450000003,44.564571450000003
156,Pt-1157,422322.058368000027258,4875037.082299999892712,OverSamp,44.024377909999998,44.024377909999998
157,Pt-1158,588413.564266999950632,4932569.066870000213385,OverSamp,44.541030180000000,44.541030180000000
158,Pt-1159,571750.473576999967918,4972184.388869999907911,OverSamp,44.899468470000002,44.899468470000002
159,Pt-1160,531526.193328000023030,4915164.802790000103414,OverSamp,44.389080440000001,44.389080440000001
160,Pt-1161,434415.555779999995138,4879784.043549999594688,OverSamp,44.068292919999998,44.068292919999998
161,Pt-1162,652056.680522999959067,4983758.709800000302494,OverSamp,44.990982840000001,44.990982840000001
162,Pt-1163,633348.061803000047803,4975411.861580000258982,OverSamp,44.919638990000003,44.919638990000003
163,Pt-1164,517096.538645999971777,4956163.050669999793172,OverSamp,44.758652830000003,44.758652830000003
164,Pt-1165,500581.317082999972627,4905275.431440000422299,OverSamp,44.300732369999999,44.300732369999999
165,Pt-1166,574710.672434999956749,4967533.052539999596775,OverSamp,44.857297809999999,44.857297809999999
166,Pt-1167,620366.999643999966793,4952236.940089999698102,OverSamp,44.713401650000002,44.713401650000002
167,Pt-1168,572817.168455000035465,4929837.273550000041723,OverSamp,44.518184150000003,44.518184150000003
168,Pt-1169,527227.888957999995910,4912492.416179999709129,OverSamp,44.365195870000001,44.365195870000001
169,Pt-1170,628145.283629999961704,4945155.219709999859333,OverSamp,44.648325679999999,44.648325679999999
170,Pt-1171,487939.763804999995045,4932002.995470000430942,OverSamp,44.541255790000001,44.541255790000001
171,Pt-1172,536024.652528999955393,4943980.502329999580979,OverSamp,44.648281420000004,44.648281420000004
172,Pt-1173,627326.938508999999613,4987813.800680000334978,OverSamp,45.032339380000003,45.032339380000003
173,Pt-1174,578595.872720999992453,4935310.659169999882579,OverSamp,44.566845360000002,44.566845360000002
174,Pt-1175,565030.575436000013724,4957305.882779999636114,OverSamp,44.766188679999999,44.766188679999999
175,Pt-1176,532814.564897999982350,4922242.311590000055730,OverSamp,44.452739299999998,44.452739299999998
176,Pt-1177,487695.642225000017788,4881429.670500000007451,OverSamp,44.085940989999997,44.085940989999997
177,Pt-1178,658492.526722999988124,4966226.962709999643266,OverSamp,44.831850039999999,44.831850039999999
178,Pt-1179,626703.669757999945432,4983263.213720000348985,OverSamp,44.991503270000003,44.991503270000003
179,Pt-1180,541342.517357000033371,4927567.340619999915361,OverSamp,44.500239940000000,44.500239940000000
180,Pt-1181,475583.977682999975514,4909142.727079999633133,OverSamp,44.335139310000002,44.335139310000002
181,Pt-1182,607011.075110999983735,4976716.161129999905825,OverSamp,44.935825979999997,44.935825979999997
182,Pt-1183,649572.702876999974251,4985519.600770000368357,OverSamp,45.007353340000002,45.007353340000002
183,Pt-1184,546508.332162000006065,4934168.391479999758303,OverSamp,44.559349580000003,44.559349580000003
184,Pt-1185,556387.086072999984026,4907990.331810000352561,OverSamp,44.322985959999997,44.322985959999997
185,Pt-1186,588010.588968000025488,4921414.027359999716282,OverSamp,44.440672429999999,44.440672429999999
186,Pt-1187,481341.291879000025801,4943374.318149999715388,OverSamp,44.643485480000002,44.643485480000002
187,Pt-1188,504203.506195999972988,4925273.046319999732077,OverSamp,44.480756730000003,44.480756730000003
188,Pt-1189,621987.014727000030689,5005760.076419999822974,OverSamp,45.194767169999999,45.194767169999999
189,Pt-1190,602267.789687999989837,4948588.161220000125468,OverSamp,44.683373940000003,44.683373940000003
190,Pt-1191,568325.600969000020996,4959522.059510000050068,OverSamp,44.785829880000001,44.785829880000001
191,Pt-1192,554456.856764000025578,5002712.391710000112653,OverSamp,45.175790319999997,45.175790319999997
192,Pt-1193,453764.208832999982405,4894549.552229999564588,OverSamp,44.202700739999997,44.202700739999997
193,Pt-1194,639182.792481999960728,5001887.626989999786019,OverSamp,45.156739379999998,45.156739379999998
194,Pt-1195,594001.076148999971338,4948355.499169999733567,OverSamp,44.682410830000002,44.682410830000002
195,Pt-1196,550757.211707000038587,4959284.967410000041127,OverSamp,44.785159210000003,44.785159210000003
196,Pt-1197,477694.758245999983046,4889067.540420000441372,OverSamp,44.154470019999998,44.154470019999998
197,Pt-1198,584685.375191000057384,4957677.930139999836683,OverSamp,44.767480360000000,44.767480360000000
198,Pt-1199,631667.585846000001766,4955727.720499999821186,OverSamp,44.742826500000000,44.742826500000000
199,Pt-1200,556655.222411999944597,4948308.053629999980330,OverSamp,44.685905779999999,44.685905779999999
200,Pt-1201,512263.664393000013661,4888904.928930000402033,OverSamp,44.153243580000002,44.153243580000002
201,Pt-1202,596501.593096000025980,4955680.255950000137091,OverSamp,44.748004100000003,44.748004100000003
202,Pt-1203,452005.148352999996860,4938619.337270000018179,OverSamp,44.599319889999997,44.599319889999997
203,Pt-1204,545520.259444999974221,4948640.381860000081360,OverSamp,44.689690550000002,44.689690550000002
204,Pt-1205,547094.948564999969676,4890847.032619999721646,OverSamp,44.169312949999998,44.169312949999998
205,Pt-1206,591271.516633999999613,4946612.746670000255108,OverSamp,44.667077470000002,44.667077470000002
206,Pt-1207,466518.511669999978039,4951963.169130000285804,OverSamp,44.720265910000002,44.720265910000002
207,Pt-1208,502471.388236999977380,4944861.470300000160933,OverSamp,44.657111639999997,44.657111639999997
208,Pt-1209,456480.165373000025284,4908793.150290000252426,OverSamp,44.331098400000002,44.331098400000002
209,Pt-1210,607156.009482000023127,4987094.644079999998212,OverSamp,45.029204460000003,45.029204460000003
210,Pt-1211,641878.437885000021197,4983007.683629999868572,OverSamp,44.986333070000001,44.986333070000001
211,Pt-1212,523853.999572000000626,4959088.445279999636114,OverSamp,44.784794310000002,44.784794310000002
212,Pt-1213,471096.688214000023436,4881092.714470000006258,OverSamp,44.082440269999999,44.082440269999999
213,Pt-1214,579901.716083999956027,4949461.714680000208318,OverSamp,44.694077000000000,44.694077000000000
214,Pt-1215,617516.005498999962583,4953974.179240000434220,OverSamp,44.729508869999997,44.729508869999997
215,Pt-1216,565582.314687000005506,4941336.633829999715090,OverSamp,44.622391579999999,44.622391579999999
216,Pt-1217,532889.235890000010841,4909552.291729999706149,OverSamp,44.338492109999997,44.338492109999997
217,Pt-1218,597900.207960000028834,4966971.422020000405610,OverSamp,44.849436249999997,44.849436249999997
218,Pt-1219,450960.208074999973178,4924117.234629999846220,OverSamp,44.468699440000002,44.468699440000002
219,Pt-1220,527078.016030000057071,4944914.799530000425875,OverSamp,44.657085330000001,44.657085330000001
220,Pt-1221,426000.387304999982007,4905937.908060000278056,OverSamp,44.302929540000001,44.302929540000001
221,Pt-1222,584701.694589999970049,4937345.104070000350475,OverSamp,44.584465270000003,44.584465270000003
222,Pt-1223,553427.636670000036247,4977019.692719999700785,OverSamp,44.944603950000001,44.944603950000001
223,Pt-1224,534656.862364999949932,4920929.343879999592900,OverSamp,44.440833290000000,44.440833290000000
224,Pt-1225,441024.103280999988783,4909732.285509999841452,OverSamp,44.338461840000001,44.338461840000001
225,Pt-1226,647830.243866999982856,4960274.402580000460148,OverSamp,44.780580460000003,44.780580460000003
226,Pt-1227,639365.281812999979593,4972712.619350000284612,OverSamp,44.894198639999999,44.894198639999999
227,Pt-1228,548553.394971000030637,4930175.596509999595582,OverSamp,44.523270940000003,44.523270940000003
228,Pt-1229,487224.691682000004221,4895088.302609999664128,OverSamp,44.208904879999999,44.208904879999999
229,Pt-1230,606105.014627999975346,4975879.926490000449121,OverSamp,44.928436019999999,44.928436019999999
230,Pt-1231,620327.890780000016093,4957784.188980000093579,OverSamp,44.763328850000001,44.763328850000001
231,Pt-1232,562522.247643999988213,4914689.742469999939203,OverSamp,44.382792559999999,44.382792559999999
232,Pt-1233,526841.662954000057653,4906007.361809999682009,OverSamp,44.306826469999997,44.306826469999997
233,Pt-1234,613690.379606000031345,4947705.222869999706745,OverSamp,44.673708470000001,44.673708470000001
234,Pt-1235,500768.349560000002384,4931766.379270000383258,OverSamp,44.539226100000000,44.539226100000000
235,Pt-1236,530632.095091999974102,4943377.157279999926686,OverSamp,44.643100199999999,44.643100199999999
236,Pt-1237,613863.920677999965847,4989872.256330000236630,OverSamp,45.053154329999998,45.053154329999998
237,Pt-1238,579583.733856000006199,4934646.695480000227690,OverSamp,44.560760379999998,44.560760379999998
238,Pt-1239,568121.804067000048235,4951970.574970000423491,OverSamp,44.717876130000001,44.717876130000001
239,Pt-1240,522071.217428000003565,4924064.832840000279248,OverSamp,44.469554639999998,44.469554639999998
240,Pt-1241,490283.399132999998983,4891485.815890000201762,OverSamp,44.176518209999998,44.176518209999998
241,Pt-1242,576092.602900000056252,4961049.229150000028312,OverSamp,44.798791250000001,44.798791250000001
242,Pt-1243,621702.560951999970712,4984652.975809999741614,OverSamp,45.004884460000000,45.004884460000000
243,Pt-1244,545825.937801999971271,4918230.554499999620020,OverSamp,44.415916410000001,44.415916410000001
244,Pt-1245,476890.303981999983080,4900573.246639999561012,OverSamp,44.258031680000002,44.258031680000002
245,Pt-1246,607760.897929999977350,4953969.886409999802709,OverSamp,44.731004499999997,44.731004499999997
246,Pt-1247,422984.703808000020217,4952137.405819999985397,OverSamp,44.718476979999998,44.718476979999998
247,Pt-1248,540217.935552999959327,4937671.542419999837875,OverSamp,44.591264459999998,44.591264459999998
248,Pt-1249,544563.195229999953881,4911639.822049999609590,OverSamp,44.356662380000003,44.356662380000003
249,Pt-1250,576229.564584000036120,4926736.166950000450015,OverSamp,44.489917190000000,44.489917190000000
250,Pt-1251,498578.342958000022918,4922640.048729999922216,OverSamp,44.457063300000002,44.457063300000002
251,Pt-1252,517740.075002000026871,4942658.412290000356734,OverSamp,44.637063859999998,44.637063859999998
252,Pt-1253,616066.081072999979369,5006956.147330000065267,OverSamp,45.206530180000001,45.206530180000001
253,Pt-1254,609347.145766000030562,4942670.505780000239611,OverSamp,44.629071670000002,44.629071670000002
254,Pt-1255,554761.473715999978594,4956386.983409999869764,OverSamp,44.758777060000000,44.758777060000000
255,Pt-1256,561442.009510000003502,4989933.472190000116825,OverSamp,45.060194459999998,45.060194459999998
256,Pt-1257,645915.637803000048734,4991985.354140000417829,OverSamp,45.066288399999998,45.066288399999998
257,Pt-1258,553493.997235000017099,4951254.264290000312030,OverSamp,44.712669660000003,44.712669660000003
258,Pt-1259,590895.215183999971487,4966487.566390000283718,OverSamp,44.846008560000001,44.846008560000001
259,Pt-1260,554766.300497999996878,4920866.428500000387430,OverSamp,44.439023919999997,44.439023919999997
260,Pt-1261,475502.330534000007901,4895361.511269999668002,OverSamp,44.211064989999997,44.211064989999997
261,Pt-1262,456486.485690000001341,4960446.067259999923408,OverSamp,44.796088949999998,44.796088949999998
262,Pt-1263,577592.431294000009075,4917571.787729999981821,OverSamp,44.407278939999998,44.407278939999998
263,Pt-1264,509235.452007999992929,4937106.916009999811649,OverSamp,44.587246059999998,44.587246059999998
264,Pt-1265,463935.302987999981269,4883724.197340000420809,OverSamp,44.105814100000003,44.105814100000003
265,Pt-1266,601909.132802000036463,4939637.140039999969304,OverSamp,44.602863790000001,44.602863790000001
266,Pt-1267,482854.526601999998093,4893599.324230000376701,OverSamp,44.195409759999997,44.195409759999997
267,Pt-1268,592659.675264999968931,4955975.653459999710321,OverSamp,44.751170520000002,44.751170520000002
268,Pt-1269,644773.459265999961644,4966197.212589999660850,OverSamp,44.834497200000001,44.834497200000001
269,Pt-1270,562277.235045999987051,4935355.511730000376701,OverSamp,44.568845140000001,44.568845140000001
270,Pt-1271,599041.136913000023924,4951587.259589999914169,OverSamp,44.710819370000003,44.710819370000003
271,Pt-1272,539944.990742000052705,4942487.401879999786615,OverSamp,44.634632959999998,44.634632959999998
272,Pt-1273,416054.831956000009086,4864468.534710000269115,OverSamp,43.928549289999999,43.928549289999999
273,Pt-1274,565362.060764000052586,4981331.131830000318587,OverSamp,44.982414190000000,44.982414190000000
274,Pt-1275,609961.820631999988109,5004333.806629999540746,OverSamp,45.183911250000001,45.183911250000001
275,Pt-1276,533155.300718000042252,4955742.390069999732077,OverSamp,44.754302010000004,44.754302010000004
276,Pt-1277,488254.748225999996066,4908662.216980000026524,OverSamp,44.331128870000001,44.331128870000001
277,Pt-1278,626221.566205000039190,4959237.298960000276566,OverSamp,44.775389490000002,44.775389490000002
278,Pt-1279,526199.264469000045210,4895149.353509999811649,OverSamp,44.209095769999998,44.209095769999998
279,Pt-1280,469796.714691000001039,4915964.251659999601543,OverSamp,44.396333980000001,44.396333980000001
280,Pt-1281,578012.147164999973029,4942770.538340000435710,OverSamp,44.634056930000000,44.634056930000000
281,Pt-1282,531994.390722000040114,4917959.713059999980032,OverSamp,44.414221529999999,44.414221529999999
282,Pt-1283,482399.378314999979921,4867915.585210000164807,OverSamp,43.964160069999998,43.964160069999998
283,Pt-1284,624584.096288000000641,4968802.610150000080466,OverSamp,44.861753020000002,44.861753020000002
284,Pt-1285,599494.658514000009745,4980257.099729999899864,OverSamp,44.968785230000002,44.968785230000002
285,Pt-1286,561219.347717000055127,4928665.799770000390708,OverSamp,44.508716120000003,44.508716120000003
286,Pt-1287,529467.841693000053056,4900053.638199999928474,OverSamp,44.253124069999998,44.253124069999998
287,Pt-1288,478243.673408999980893,4937148.147929999977350,OverSamp,44.587347649999998,44.587347649999998
288,Pt-1289,628779.925774000003003,4995756.876779999583960,OverSamp,45.103549800000003,45.103549800000003
289,Pt-1290,570741.192173999967054,4949567.853260000236332,OverSamp,44.695994669999997,44.695994669999997
290,Pt-1291,637372.281824999954551,4985208.292829999700189,OverSamp,45.007019939999999,45.007019939999999
291,Pt-1292,538633.792627000017092,4963328.818760000169277,OverSamp,44.822319720000003,44.822319720000003
292,Pt-1293,474805.751837000017986,4885712.305169999599457,OverSamp,44.124168410000003,44.124168410000003
293,Pt-1294,639896.084211000008509,4955904.098799999803305,OverSamp,44.742852929999998,44.742852929999998
294,Pt-1295,474028.510486999992281,4899173.539180000312626,OverSamp,44.245333680000002,44.245333680000002
295,Pt-1296,439750.301394000009168,4961840.388419999741018,OverSamp,44.807424599999997,44.807424599999997
296,Pt-1297,586532.115727999946102,4928599.536390000022948,OverSamp,44.505528540000000,44.505528540000000
297,Pt-1298,508476.892162000003736,4931196.412270000204444,OverSamp,44.534045460000002,44.534045460000002
298,Pt-1299,457627.609501999977510,4888545.920810000039637,OverSamp,44.148885659999998,44.148885659999998
299,Pt-1300,641761.968102999962866,4980135.725610000081360,OverSamp,44.960515809999997,44.960515809999997
300,Pt-1301,591430.878036999958567,4950084.464530000463128,OverSamp,44.698304729999997,44.698304729999997
301,Pt-1302,564193.831743999966420,4932633.967939999885857,OverSamp,44.544178240000001,44.544178240000001
302,Pt-1303,519743.964212000020780,4912160.490600000135601,OverSamp,44.362449949999998,44.362449949999998
303,Pt-1304,601172.106466999975964,4958518.040249999612570,OverSamp,44.772899369999998,44.772899369999998
304,Pt-1305,445299.581783999979962,4943580.452329999767244,OverSamp,44.643500600000003,44.643500600000003
305,Pt-1306,536089.454984999960288,4933640.990450000390410,OverSamp,44.555199060000000,44.555199060000000
306,Pt-1307,424026.421570000005886,4864942.820009999908507,OverSamp,43.933684649999996,43.933684649999996
307,Pt-1308,566366.846880999975838,4976559.039839999750257,OverSamp,44.939367290000000,44.939367290000000
308,Pt-1309,649785.510899999993853,4983988.382349999621511,OverSamp,44.993532119999998,44.993532119999998
309,Pt-1310,516148.161017999984324,4953385.323130000382662,OverSamp,44.733669010000000,44.733669010000000
310,Pt-1311,494110.178783999988809,4895267.437020000070333,OverSamp,44.210605790000002,44.210605790000002
311,Pt-1312,624638.070727000012994,4952735.189969999715686,OverSamp,44.717155269999999,44.717155269999999
312,Pt-1313,621883.923957000020891,4947206.348120000213385,OverSamp,44.667874110000000,44.667874110000000
313,Pt-1314,522806.292140999983530,4936539.965459999628365,OverSamp,44.581840000000000,44.581840000000000
314,Pt-1315,580960.313387000001967,4939116.219309999607503,OverSamp,44.600837890000001,44.600837890000001
315,Pt-1316,531712.801511000026949,4929601.672340000048280,OverSamp,44.519041270000002,44.519041270000002
316,Pt-1317,490437.084245999983978,4883716.422070000320673,OverSamp,44.106570320000003,44.106570320000003
317,Pt-1318,613224.475120999966748,4968485.630490000359714,OverSamp,44.860795070000002,44.860795070000002
318,Pt-1319,602611.568302000057884,4984445.668619999662042,OverSamp,45.006037300000003,45.006037300000003
319,Pt-1320,540369.693990999949165,4932130.576279999688268,OverSamp,44.541374759999997,44.541374759999997
320,Pt-1321,552844.400534000014886,4911991.442959999665618,OverSamp,44.359271829999997,44.359271829999997
321,Pt-1322,469925.725231999997050,4933442.678229999728501,OverSamp,44.553689960000000,44.553689960000000
322,Pt-1323,605988.280996000044979,4944722.234980000182986,OverSamp,44.648040530000003,44.648040530000003
323,Pt-1324,527465.734829999972135,4991058.925239999778569,OverSamp,45.072458869999998,45.072458869999998
324,Pt-1325,630241.899208000046201,4986608.731320000253618,OverSamp,45.020966330000000,45.020966330000000
325,Pt-1326,552578.820244999951683,4966100.624789999797940,OverSamp,44.846379429999999,44.846379429999999
326,Pt-1327,473146.816073999973014,4894009.113810000009835,OverSamp,44.198806370000000,44.198806370000000
327,Pt-1328,632252.123948000022210,4955437.226470000110567,OverSamp,44.740104740000000,44.740104740000000
328,Pt-1329,599505.954692000057548,4954600.319160000421107,OverSamp,44.737873100000002,44.737873100000002
329,Pt-1330,550227.250977999996394,4932588.832929999567568,OverSamp,44.544880560000003,44.544880560000003
330,Pt-1331,586786.551001999992877,4946708.533119999803603,OverSamp,44.668495960000001,44.668495960000001
331,Pt-1332,520082.283655999985058,4934192.022060000337660,OverSamp,44.560783749999999,44.560783749999999
332,Pt-1333,464634.155565999972168,4911027.046749999746680,OverSamp,44.351652440000002,44.351652440000002
333,Pt-1334,644725.920500000007451,4979525.030609999783337,OverSamp,44.954423630000001,44.954423630000001
334,Pt-1335,583516.612272999947891,4952717.152479999698699,OverSamp,44.722966820000003,44.722966820000003
335,Pt-1336,571884.990248000016436,4940436.407519999891520,OverSamp,44.613685619999998,44.613685619999998
336,Pt-1337,533271.209527999977581,4904150.066530000418425,OverSamp,44.289839690000001,44.289839690000001
337,Pt-1338,465533.350742999988142,4928229.128870000131428,OverSamp,44.506558710000000,44.506558710000000
338,Pt-1339,585199.382547999965027,4939779.203339999541640,OverSamp,44.606315819999999,44.606315819999999
339,Pt-1340,532623.966289000003599,4913532.144430000334978,OverSamp,44.374333559999997,44.374333559999997
340,Pt-1341,437903.894831000012346,4879060.705380000174046,OverSamp,44.062084929999997,44.062084929999997
341,Pt-1342,658755.914603000041097,4974642.281430000439286,OverSamp,44.907500650000003,44.907500650000003
342,Pt-1343,631975.431786000030115,4971556.752829999662936,OverSamp,44.885205710000001,44.885205710000001
343,Pt-1344,555980.815882000024430,4923150.769190000370145,OverSamp,44.459494860000000,44.459494860000000
344,Pt-1345,501031.461674000020139,4909453.623049999587238,OverSamp,44.338348150000002,44.338348150000002
345,Pt-1346,620180.054698999971151,4949740.845619999803603,OverSamp,44.690970080000000,44.690970080000000
346,Pt-1347,612325.973592999973334,4945065.029529999941587,OverSamp,44.650162379999998,44.650162379999998
347,Pt-1348,535488.756981999962591,4946947.864190000109375,OverSamp,44.675020850000003,44.675020850000003
348,Pt-1349,613253.977229999960400,4988220.875959999859333,OverSamp,45.038391339999997,45.038391339999997
349,Pt-1350,564739.391963999951258,4951406.941829999908805,OverSamp,44.713116239999998,44.713116239999998
350,Pt-1351,579611.621806000010110,4966398.379399999976158,OverSamp,44.846554500000003,44.846554500000003
351,Pt-1352,539113.875954000046477,4926739.052090000361204,OverSamp,44.492907559999999,44.492907559999999
352,Pt-1353,598437.748616000055335,4969421.462539999745786,OverSamp,44.871412659999997,44.871412659999997
353,Pt-1354,546581.239699000027031,4932233.130939999595284,OverSamp,44.541923330000003,44.541923330000003
354,Pt-1355,547972.333648000028916,4907259.895279999822378,OverSamp,44.317014749999998,44.317014749999998
355,Pt-1356,496784.927150000003166,4927867.965780000202358,OverSamp,44.504123159999999,44.504123159999999
356,Pt-1357,608694.267292000004090,4940054.804320000112057,OverSamp,44.605629520000001,44.605629520000001
357,Pt-1358,551348.528033999959007,4995573.087810000404716,OverSamp,45.111761829999999,45.111761829999999
358,Pt-1359,644656.082780000055209,5001168.046199999749660,OverSamp,45.149164620000001,45.149164620000001
359,Pt-1360,551049.619525999994949,4964726.573979999870062,OverSamp,44.834121860000003,44.834121860000003
360,Pt-1361,479937.939043999998830,4886600.574559999629855,OverSamp,44.132324490000002,44.132324490000002
361,Pt-1362,637857.023504000040703,4952332.486790000461042,OverSamp,44.711110419999997,44.711110419999997
362,Pt-1363,597143.213437000056729,4951684.287480000406504,OverSamp,44.711952429999997,44.711952429999997
363,Pt-1364,545402.867989000049420,4941324.972780000418425,OverSamp,44.623844530000000,44.623844530000000
364,Pt-1365,417184.231851999997161,4869827.637299999594688,OverSamp,43.976920470000003,43.976920470000003
365,Pt-1366,466950.711421000014525,4972615.515340000391006,OverSamp,44.906198040000000,44.906198040000000
366,Pt-1367,600380.974204999976791,4993590.317730000242591,OverSamp,45.088654839999997,45.088654839999997
367,Pt-1368,528067.170473000034690,4956116.657279999926686,OverSamp,44.757888899999998,44.757888899999998
368,Pt-1369,578609.876425000024028,4952434.815010000020266,OverSamp,44.720980769999997,44.720980769999997
369,Pt-1370,571059.520241999998689,4932284.401469999924302,OverSamp,44.540387420000002,44.540387420000002
370,Pt-1371,531550.765384000027552,4910184.755909999832511,OverSamp,44.344245440000002,44.344245440000002
371,Pt-1372,475369.624196999997366,4916554.081650000065565,OverSamp,44.401854980000003,44.401854980000003
372,Pt-1373,579651.994106000056490,4942632.361360000446439,OverSamp,44.632633269999999,44.632633269999999
373,Pt-1374,537415.599274000036530,4918313.824730000458658,OverSamp,44.417149569999999,44.417149569999999
374,Pt-1375,445529.400515999994241,4897311.785469999536872,OverSamp,44.226999309999997,44.226999309999997
375,Pt-1376,643668.104723999975249,4975997.865829999558628,OverSamp,44.922902700000002,44.922902700000002
376,Pt-1377,610678.402093000011519,4973619.205099999904633,OverSamp,44.907394040000000,44.907394040000000
377,Pt-1378,558800.980076999985613,4919017.081399999558926,OverSamp,44.422059249999997,44.422059249999997
378,Pt-1379,615510.174685999983922,4946492.841210000216961,OverSamp,44.662506970000003,44.662506970000003
379,Pt-1380,513605.542790999985300,4930445.720150000415742,OverSamp,44.527208709999996,44.527208709999996
380,Pt-1381,616142.614758000010625,4990562.282340000383556,OverSamp,45.058993739999998,45.058993739999998
381,Pt-1382,567778.849755999981426,4954247.523909999988973,OverSamp,44.738404279999997,44.738404279999997
382,Pt-1383,589694.145360999973491,4960885.747899999842048,OverSamp,44.795741759999999,44.795741759999999
383,Pt-1384,542330.712921999976970,4921333.747299999929965,OverSamp,44.444065530000003,44.444065530000003
384,Pt-1385,476852.057611999975052,4902378.353779999539256,OverSamp,44.274281799999997,44.274281799999997
385,Pt-1386,420065.528214999998454,4915635.990840000100434,OverSamp,44.389599150000002,44.389599150000002
386,Pt-1387,545561.369716000044718,4906208.020410000346601,OverSamp,44.307700390000001,44.307700390000001
387,Pt-1388,581419.590525000006892,4929393.947680000215769,OverSamp,44.513274090000003,44.513274090000003
388,Pt-1389,487421.480669000011403,4921815.178220000118017,OverSamp,44.449529159999997,44.449529159999997
389,Pt-1390,515897.790304000023752,4946317.862820000387728,OverSamp,44.670050910000000,44.670050910000000
390,Pt-1391,605069.940597999957390,4940052.823029999621212,OverSamp,44.606150260000000,44.606150260000000
391,Pt-1392,565203.634259999962524,5000889.564229999668896,OverSamp,45.158471730000002,45.158471730000002
392,Pt-1393,433259.055554000020493,4874603.598330000415444,OverSamp,44.021551610000003,44.021551610000003
393,Pt-1394,597010.488959999987856,4941400.932699999772012,OverSamp,44.619416110000003,44.619416110000003
394,Pt-1395,493109.472782000026200,4885698.072900000028312,OverSamp,44.124441789999999,44.124441789999999
395,Pt-1396,641705.442994000040926,4952565.968109999783337,OverSamp,44.712460700000001,44.712460700000001
396,Pt-1397,605348.041119999950752,4956166.819310000166297,OverSamp,44.751135689999998,44.751135689999998
397,Pt-1398,556274.268022999982350,4937379.413970000110567,OverSamp,44.587558229999999,44.587558229999999
398,Pt-1399,556964.635805999976583,4906622.020729999989271,OverSamp,44.310622940000002,44.310622940000002
399,Pt-1400,487105.029220000025816,4918773.735740000382066,OverSamp,44.422142129999997,44.422142129999997
400,Pt-1401,633346.184737000032328,4994311.369079999625683,OverSamp,45.089696879999998,45.089696879999998
401,Pt-1402,546660.686473999987356,4951108.540629999712110,OverSamp,44.711835430000001,44.711835430000001
402,Pt-1403,478879.048300999973435,4893957.242659999988973,OverSamp,44.198527869999999,44.198527869999999
403,Pt-1404,643482.625042999978177,4961341.564319999888539,OverSamp,44.791068230000000,44.791068230000000
404,Pt-1405,527274.273554999963380,4893116.063070000149310,OverSamp,44.190750569999999,44.190750569999999
405,Pt-1406,434458.499873999971896,4924135.451120000332594,OverSamp,44.467555210000000,44.467555210000000
406,Pt-1407,589868.865913999965414,4943490.780829999595881,OverSamp,44.639154560000001,44.639154560000001
407,Pt-1408,523237.737968000001274,4917783.956620000302792,OverSamp,44.412973250000000,44.412973250000000
408,Pt-1409,443770.838660000008531,4889439.112099999561906,OverSamp,44.155991780000001,44.155991780000001
409,Pt-1410,634317.217293999972753,4982414.501050000078976,OverSamp,44.982466610000003,44.982466610000003
410,Pt-1411,574746.828058999963105,4953869.192599999718368,OverSamp,44.734305290000002,44.734305290000002
411,Pt-1412,572406.656832000007853,4918107.144729999825358,OverSamp,44.412635129999998,44.412635129999998
412,Pt-1413,528144.188460999983363,4896809.163560000248253,OverSamp,44.223966560000001,44.223966560000001
413,Pt-1414,621549.366947000031359,4944365.473960000090301,OverSamp,44.642365120000001,44.642365120000001
414,Pt-1415,472766.596877000003587,4918204.916290000081062,OverSamp,44.416623760000000,44.416623760000000
415,Pt-1416,521475.198542000027373,4934319.805479999631643,OverSamp,44.561893939999997,44.561893939999997
416,Pt-1417,427750.824918000027537,4884774.214859999716282,OverSamp,44.112588860000002,44.112588860000002
417,Pt-1418,555969.765740999951959,4968580.510139999911189,OverSamp,44.868443990000003,44.868443990000003
418,Pt-1419,654941.455137999961153,4962150.433000000193715,OverSamp,44.795953460000000,44.795953460000000
419,Pt-1420,543080.688395999954082,4927126.371260000392795,OverSamp,44.496168550000000,44.496168550000000
420,Pt-1421,474900.693282999971416,4911561.596970000304282,OverSamp,44.356892680000001,44.356892680000001
421,Pt-1422,614685.501516000018455,4966251.176719999872148,OverSamp,44.840453089999997,44.840453089999997
422,Pt-1423,643244.664635999943130,4948490.515209999866784,OverSamp,44.675484089999998,44.675484089999998
423,Pt-1424,518050.145230000023730,4921653.322110000066459,OverSamp,44.447956130000001,44.447956130000001
424,Pt-1425,609445.681780999992043,4947088.694810000248253,OverSamp,44.668819780000000,44.668819780000000
425,Pt-1426,529251.076222999952734,4924205.079140000045300,OverSamp,44.470562250000000,44.470562250000000
426,Pt-1427,465843.231682999990880,4873090.729100000113249,OverSamp,44.010170729999999,44.010170729999999
427,Pt-1428,600886.498071999987587,4943966.514369999989867,OverSamp,44.641973620000002,44.641973620000002
428,Pt-1429,584397.556633000029251,4965276.009449999779463,OverSamp,44.835902240000003,44.835902240000003
429,Pt-1430,561710.321542000048794,4944029.376260000281036,OverSamp,44.646973619999997,44.646973619999997
430,Pt-1431,603692.335624999948777,4953272.162259999662638,OverSamp,44.725325640000001,44.725325640000001
431,Pt-1432,552713.788366999942809,4933702.271770000457764,OverSamp,44.554726199999998,44.554726199999998
432,Pt-1433,565209.558593000052497,4909203.097070000134408,OverSamp,44.333164850000003,44.333164850000003
433,Pt-1434,499914.224817999987863,4917165.923390000127256,OverSamp,44.407782099999999,44.407782099999999
434,Pt-1435,576948.424357000039890,5001460.089350000023842,OverSamp,45.162423580000002,45.162423580000002
435,Pt-1436,544611.152224999968894,4956523.615919999778271,OverSamp,44.760711970000003,44.760711970000003
436,Pt-1437,480811.165295000013430,4883414.234070000238717,OverSamp,44.103660529999999,44.103660529999999
437,Pt-1438,613424.598879999946803,4952245.370109999552369,OverSamp,44.714610020000002,44.714610020000002
438,Pt-1439,595933.692334000021219,4960106.796129999682307,OverSamp,44.787920530000001,44.787920530000001
439,Pt-1440,537815.127907000016421,4936542.893930000253022,OverSamp,44.581234350000003,44.581234350000003
440,Pt-1441,590421.360461000003852,4937467.191100000403821,OverSamp,44.584868360000002,44.584868360000002
441,Pt-1442,527033.038923999993131,4918287.278599999845028,OverSamp,44.417372749999998,44.417372749999998
442,Pt-1443,431987.083541999978479,4893459.617239999584854,OverSamp,44.191183320000000,44.191183320000000
443,Pt-1444,635543.794563999981619,4970190.257950000464916,OverSamp,44.872239870000001,44.872239870000001
444,Pt-1445,579213.801495000021532,4968112.679689999669790,OverSamp,44.862028819999999,44.862028819999999
445,Pt-1446,569264.172470999998040,4930380.878519999794662,OverSamp,44.523427359999999,44.523427359999999
446,Pt-1447,526420.739419999998063,4911454.779799999669194,OverSamp,44.355884099999997,44.355884099999997
447,Pt-1448,473680.202317000017501,4930135.800599999725819,OverSamp,44.524066710000000,44.524066710000000
448,Pt-1449,621234.030218999949284,4992322.244319999590516,OverSamp,45.073977450000001,45.073977450000001
449,Pt-1450,580193.671239000046626,4936351.182660000398755,OverSamp,44.576035179999998,44.576035179999998
450,Pt-1451,557216.663846999988891,4949895.555479999631643,OverSamp,44.700151419999997,44.700151419999997
451,Pt-1452,530193.142977999988943,4924908.080430000089109,OverSamp,44.476852309999998,44.476852309999998
452,Pt-1453,491585.591025999980047,4880319.909769999794662,OverSamp,44.076004429999998,44.076004429999998
453,Pt-1454,648463.340949999983422,4957393.249979999847710,OverSamp,44.754526220000002,44.754526220000002
454,Pt-1455,626031.242610999965109,4982124.766370000317693,OverSamp,44.981378739999997,44.981378739999997
455,Pt-1456,540980.958772000041790,4923452.039850000292063,OverSamp,44.463213039999999,44.463213039999999
456,Pt-1457,478546.351886000018567,4905671.928620000369847,OverSamp,44.303985630000000,44.303985630000000
457,Pt-1458,648578.722789000021294,4994002.527549999766052,OverSamp,45.083882840000001,45.083882840000001
458,Pt-1459,637363.853454999974929,4948471.326209999620914,OverSamp,44.676461289999999,44.676461289999999
459,Pt-1460,510690.236390999983996,4929955.486159999854863,OverSamp,44.522844409999998,44.522844409999998
460,Pt-1461,627999.062630999949761,4999280.734330000355840,OverSamp,45.135399630000002,45.135399630000002
461,Pt-1462,561458.886914000031538,4963111.037960000336170,OverSamp,44.818759180000001,44.818759180000001
462,Pt-1463,449379.090082000009716,4884877.379119999706745,OverSamp,44.115333810000003,44.115333810000003
463,Pt-1464,596051.803476999979466,4947086.050660000182688,OverSamp,44.670713599999999,44.670713599999999
464,Pt-1465,585070.444676000042818,4955662.249189999885857,OverSamp,44.749292079999996,44.749292079999996
465,Pt-1466,557854.352610999951139,4940645.342000000178814,OverSamp,44.616832260000002,44.616832260000002
466,Pt-1467,469561.648126000014599,4897651.473469999618828,OverSamp,44.231457630000001,44.231457630000001
467,Pt-1468,460636.257949999999255,4943261.313350000418723,OverSamp,44.641631910000001,44.641631910000001
468,Pt-1469,561446.428108999971300,4900851.864819999784231,OverSamp,44.258313399999999,44.258313399999999
469,Pt-1470,472124.494934000016656,4966162.888700000010431,OverSamp,44.848333259999997,44.848333259999997
470,Pt-1471,591442.749673999962397,4986839.115550000220537,OverSamp,45.029106210000002,45.029106210000002
471,Pt-1472,525944.960155999986455,4964000.448719999752939,OverSamp,44.828939740000003,44.828939740000003
472,Pt-1473,474579.640216000028886,4883929.809930000454187,OverSamp,44.108112439999999,44.108112439999999
473,Pt-1474,619671.399116000044160,4955492.143840000033379,OverSamp,44.742812450000002,44.742812450000002
474,Pt-1475,594257.640706000034697,4960844.689430000260472,OverSamp,44.794784800000002,44.794784800000002
475,Pt-1476,524544.593506000004709,4946276.191709999926388,OverSamp,44.669432110000002,44.669432110000002
476,Pt-1477,421574.500010000017937,4857172.392239999957383,OverSamp,43.863475340000001,43.863475340000001
477,Pt-1478,545300.025589999975637,4974489.597989999689162,OverSamp,44.922393540000002,44.922393540000002
478,Pt-1479,653274.211674000020139,4973686.897330000065267,OverSamp,44.900106590000000,44.900106590000000
479,Pt-1480,548156.260220000054687,4922758.591319999657571,OverSamp,44.456527970000003,44.456527970000003
480,Pt-1481,590042.693955000024289,4969651.276759999804199,OverSamp,44.874591230000000,44.874591230000000
481,Pt-1482,573827.381782999960706,4923006.324230000376701,OverSamp,44.456592309999998,44.456592309999998
482,Pt-1483,527227.321040999959223,4905036.922729999758303,OverSamp,44.298075390000001,44.298075390000001
483,Pt-1484,497654.142951000016183,4940167.124739999882877,OverSamp,44.614851199999997,44.614851199999997
484,Pt-1485,581932.537894999957643,4935121.188810000196099,OverSamp,44.564768049999998,44.564768049999998
485,Pt-1486,534450.939993000007235,4924476.646130000241101,OverSamp,44.472777819999997,44.472777819999997
486,Pt-1487,494538.454991000005975,4880071.810010000132024,OverSamp,44.073798660000001,44.073798660000001
487,Pt-1488,627373.877625999972224,4979049.150000000372529,OverSamp,44.953463530000001,44.953463530000001
488,Pt-1489,483449.766326999990270,4910222.648780000396073,OverSamp,44.345083680000002,44.345083680000002
489,Pt-1490,600359.840317999944091,4969409.787170000374317,OverSamp,44.871039500000002,44.871039500000002
490,Pt-1491,647474.050292000058107,4995174.965069999918342,OverSamp,45.094662339999999,45.094662339999999
491,Pt-1492,541240.828931999974884,4938361.915699999779463,OverSamp,44.597421439999998,44.597421439999998
492,Pt-1493,580143.475218000006862,4924272.320940000005066,OverSamp,44.467315470000003,44.467315470000003
493,Pt-1494,503201.465558999974746,4930350.312280000187457,OverSamp,44.526471020000002,44.526471020000002
494,Pt-1495,612715.920273000025190,5005473.923440000042319,OverSamp,45.193735980000000,45.193735980000000
495,Pt-1496,572533.270714999991469,4964660.939480000175536,OverSamp,44.831670709999997,44.831670709999997
496,Pt-1497,455383.138014999974985,4888918.200219999998808,OverSamp,44.152103629999999,44.152103629999999
497,Pt-1498,634645.037901000003330,5001028.908669999800622,OverSamp,45.149893329999998,45.149893329999998
498,Pt-1499,610687.515853999997489,4936366.016169999726117,OverSamp,44.572126789999999,44.572126789999999
499,Pt-1500,539339.300552999950014,4948985.385549999773502,OverSamp,44.693162010000002,44.693162010000002
500,Pt-1501,586187.691804999951273,4956475.228910000063479,OverSamp,44.756475780000002,44.756475780000002
501,Pt-1502,556732.070748000056483,4936144.720739999786019,OverSamp,44.576407719999999,44.576407719999999
502,Pt-1503,508848.837824999995064,4882864.154020000249147,OverSamp,44.098906049999997,44.098906049999997
503,Pt-1504,456871.700470999989193,4943563.298329999670386,OverSamp,44.644134250000000,44.644134250000000
504,Pt-1505,587545.518700000015087,4940493.282169999554753,OverSamp,44.612461410000002,44.612461410000002
505,Pt-1506,526965.009022000012919,4915803.624040000140667,OverSamp,44.395015669999999,44.395015669999999
506,Pt-1507,459403.423530999978539,4897121.253429999575019,OverSamp,44.226188980000003,44.226188980000003
507,Pt-1508,631050.428539999993518,4978986.717989999800920,OverSamp,44.952233300000003,44.952233300000003
508,Pt-1509,469708.779480000026524,4885506.124920000322163,OverSamp,44.122118790000002,44.122118790000002
509,Pt-1510,624894.604627000051551,4964985.050099999643862,OverSamp,44.827345450000003,44.827345450000003
510,Pt-1511,605386.455806000041775,4957959.294700000435114,OverSamp,44.767262090000003,44.767262090000003
511,Pt-1512,523772.745241999975406,4944037.757419999688864,OverSamp,44.649306940000002,44.649306940000002
512,Pt-1513,418661.525596000021324,4881298.360999999567866,OverSamp,44.080345430000001,44.080345430000001
513,Pt-1514,552953.237715999945067,4971766.701019999571145,OverSamp,44.897354989999997,44.897354989999997
514,Pt-1515,652274.287318999995477,4963852.710810000076890,OverSamp,44.811842419999998,44.811842419999998
515,Pt-1516,550556.492472999962047,4927688.627009999938309,OverSamp,44.500745260000002,44.500745260000002
516,Pt-1517,488405.140988999977708,4901857.923229999840260,OverSamp,44.269872200000002,44.269872200000002
517,Pt-1518,628479.939519000006840,4953469.503870000131428,OverSamp,44.723084600000000,44.723084600000000
518,Pt-1519,521977.217493999982253,4910468.707489999942482,OverSamp,44.347154860000003,44.347154860000003
519,Pt-1520,496707.670831000024918,4933362.078490000218153,OverSamp,44.553584499999999,44.553584499999999
520,Pt-1521,596788.138456000015140,4939051.364629999734461,OverSamp,44.598298790000001,44.598298790000001
521,Pt-1522,527662.374849000014365,4928719.104489999823272,OverSamp,44.511262629999997,44.511262629999997
522,Pt-1523,491449.251164000015706,4894194.220680000260472,OverSamp,44.200917089999997,44.200917089999997
523,Pt-1524,636706.371619999990799,4963252.783630000427365,OverSamp,44.809593929999998,44.809593929999998
524,Pt-1525,610525.274334999965504,4953548.697759999893606,OverSamp,44.726792639999999,44.726792639999999
525,Pt-1526,543764.214309999952093,4935805.746050000190735,OverSamp,44.574261300000003,44.574261300000003
526,Pt-1527,552810.225597999989986,4901199.846459999680519,OverSamp,44.262123879999997,44.262123879999997
527,Pt-1528,490690.131663999985904,4924710.186580000445247,OverSamp,44.475641690000003,44.475641690000003
528,Pt-1529,640880.704197000013664,4993639.531990000046790,OverSamp,45.082191620000003,45.082191620000003
529,Pt-1530,547563.659936000010930,4954239.087460000067949,OverSamp,44.739956829999997,44.739956829999997
530,Pt-1531,588036.599474000046030,4961068.507950000464916,OverSamp,44.797592850000001,44.797592850000001
531,Pt-1532,550196.131214999943040,4921497.675839999690652,OverSamp,44.445038140000001,44.445038140000001
532,Pt-1533,622567.345627999980934,4997067.793770000338554,OverSamp,45.116450350000001,45.116450350000001
533,Pt-1534,570530.720087000052445,4952161.897690000012517,OverSamp,44.719365179999997,44.719365179999997
534,Pt-1535,469734.362220000009984,4901363.505950000137091,OverSamp,44.264883949999998,44.264883949999998
535,Pt-1536,434974.824566000024788,4951881.052620000205934,OverSamp,44.717358050000001,44.717358050000001
536,Pt-1537,421564.557122000027448,4868834.756359999999404,OverSamp,43.968462750000000,43.968462750000000
537,Pt-1538,572761.134878000011668,4970831.939460000023246,OverSamp,44.887192589999998,44.887192589999998
538,Pt-1539,589496.176707000005990,4945995.958320000208914,OverSamp,44.661749510000000,44.661749510000000
539,Pt-1540,503714.477030000009108,4941760.508919999934733,OverSamp,44.629189910000001,44.629189910000001
540,Pt-1541,456650.229119000025094,4905887.295219999738038,OverSamp,44.304948320000001,44.304948320000001
541,Pt-1542,643486.052993000019342,4984520.348460000008345,OverSamp,44.999619989999999,44.999619989999999
542,Pt-1543,485094.013748999976087,4896251.753060000017285,OverSamp,44.219339130000002,44.219339130000002
543,Pt-1544,619888.666525000007823,4953985.247080000117421,OverSamp,44.729215230000001,44.729215230000001
544,Pt-1545,577050.061843000003137,4950425.403450000099838,OverSamp,44.703063360000002,44.703063360000002
545,Pt-1546,572515.471329999971204,4930989.017939999699593,OverSamp,44.528582010000001,44.528582010000001
546,Pt-1547,619119.934277000022121,4945812.729389999993145,OverSamp,44.655796479999999,44.655796479999999
547,Pt-1548,518245.322458999988157,4927080.627089999616146,OverSamp,44.496811569999998,44.496811569999998
548,Pt-1549,600861.746719000046141,4948474.534839999862015,OverSamp,44.682550360000000,44.682550360000000
549,Pt-1550,434365.972734000009950,4985301.357750000432134,OverSamp,45.018124999999998,45.018124999999998